Version 0.9.7
5
 4 38 274 77 128 0 1
 5 80 400 206 81 2 2
 0 220 197 877 276 8 3
 1 253 505 206 81 142 4
 3 688 494 203 58 152 5
 0
22
 255 5 99 288 99 288 99 224 99 224 273 224 273 224 0 1 0 3
 65793 5 99 387 99 387 99 458 99 458 273 458 273 458 0 1 0 3
 65793 5 268 574 268 574 286 574 286 574 286 458 286 458 0 4 0 3
 255 5 99 327 99 327 144 327 144 516 268 516 268 516 0 1 0 4
 8454143 5 309 516 309 516 309 419 377 419 377 367 377 367 0 4 0 3
 8454143 5 328 516 328 516 328 423 390 423 390 367 390 367 0 4 0 3
 0 5 455 406 455 406 455 406 455 458 455 458 455 458 0 3 0 3
 0 5 650 458 650 458 650 458 650 406 650 406 650 406 0 3 0 3
 255 5 377 263 377 263 377 263 377 224 377 224 377 224 0 3 0 3
 255 5 572 263 572 263 572 263 572 224 572 224 572 224 0 3 0 3
 8454016 5 403 367 402 367 402 416 572 416 572 367 572 367 0 3 0 3
 8454143 5 347 516 347 516 347 429 585 429 585 367 585 367 0 4 0 3
 8453888 5 598 367 598 367 598 329 390 329 390 302 390 302 0 3 0 3
 8454143 5 309 529 309 529 309 497 611 497 611 367 611 367 0 4 0 3
 8454143 5 328 529 328 529 328 501 624 501 624 367 624 367 0 4 0 3
 8454016 5 637 367 637 367 637 315 403 315 403 302 403 302 0 3 0 3
 16777088 5 416 302 416 302 416 302 429 302 429 302 429 302 0 3 0 3
 8454143 5 347 542 347 542 347 536 585 536 585 302 585 302 0 4 0 3
 8454143 5 309 542 309 542 309 547 598 547 598 302 598 302 0 4 0 3
 8453888 5 611 302 611 302 611 253 442 253 442 302 442 302 0 3 0 3
 16744448 5 455 302 455 302 458 302 458 538 734 538 734 538 0 3 0 5
 0 5 699 531 699 531 699 458 699 458 702 458 702 458 0 5 0 3
2
 7032 1 14 371 315 5 0 0 3900 3
 7008 1 14 566 315 5 0 0 3900 3
