Version 0.9.7
5
 4 10 175 77 128 0 1
 5 80 400 206 81 2 2
 0 219 109 877 276 8 3
 1 313 428 206 81 140 4
 3 681 406 203 58 150 5
 0
19
 255 5 71 189 71 189 71 136 71 136 272 136 272 136 0 1 0 3
 255 5 376 175 376 175 376 175 376 136 376 136 376 136 0 3 0 3
 255 5 519 175 519 175 519 175 519 136 519 136 519 136 0 3 0 3
 255 5 675 175 675 175 675 175 675 136 675 136 675 136 0 3 0 3
 255 5 71 228 71 228 201 228 201 439 328 439 328 439 0 1 0 4
 0 5 71 288 71 288 71 497 71 497 328 497 328 497 0 1 0 4
 0 5 71 275 71 275 105 275 105 357 272 357 272 357 0 1 0 3
 0 5 545 357 545 357 545 443 545 443 692 443 692 443 0 3 0 5
 8454016 5 688 279 688 279 688 450 688 450 727 450 727 450 0 3 0 5
 65793 5 753 318 753 318 753 318 753 357 753 357 753 357 0 3 0 3
 65793 5 597 318 597 318 597 318 597 357 597 357 597 357 0 3 0 3
 65793 5 454 318 454 318 454 318 454 357 454 357 454 357 0 3 0 3
 8454143 5 369 439 369 439 369 279 369 279 376 279 376 279 0 4 0 3
 8454143 5 388 439 388 439 388 279 388 279 389 279 389 279 0 4 0 3
 8454143 5 407 439 407 439 411 439 411 279 415 279 415 279 0 4 0 3
 8454143 5 426 439 426 439 426 279 426 279 428 279 428 279 0 4 0 3
 16777088 5 402 279 402 279 402 302 519 302 519 279 519 279 0 3 0 3
 16777088 5 441 279 441 279 441 279 532 279 532 279 532 279 0 3 0 3
 16744448 5 545 279 545 279 545 279 675 279 675 279 675 279 0 3 0 3
3
 7008 1 14 370 227 5 0 0 5528 3
 7032 1 14 513 227 5 0 0 5528 3
 7004 1 14 669 227 5 0 0 5528 3
