Version 0.9.7
5
 4 10 175 77 128 0 1
 5 80 400 206 81 2 2
 0 110 110 877 276 8 3
 3 786 400 203 58 152 4
 1 219 392 206 81 161 5
 0
20
 65793 5 71 288 71 288 71 371 71 371 163 371 163 371 0 1 0 3
 255 5 71 189 71 189 71 124 71 124 163 124 163 124 0 1 0 3
 255 5 202 176 202 176 202 176 202 124 202 124 202 124 0 3 0 3
 255 5 384 176 384 176 384 176 384 124 384 124 384 124 0 3 0 3
 255 5 631 176 631 176 631 176 631 124 631 124 631 124 0 3 0 3
 65793 5 280 319 280 319 280 319 280 371 280 371 280 371 0 3 0 3
 65793 5 462 319 462 319 462 319 462 371 462 371 462 371 0 3 0 3
 65793 5 709 319 709 319 709 319 709 371 709 371 709 371 0 3 0 3
 65793 5 774 371 774 371 774 437 774 437 797 437 797 437 0 3 0 4
 65793 5 176 371 176 371 169 371 169 461 234 461 234 461 0 3 0 5
 255 5 176 124 176 124 176 403 176 403 234 403 234 403 0 3 0 5
 8454143 5 275 403 275 403 202 403 202 403 202 293 202 293 0 5 0 3
 8454143 5 294 403 294 403 215 403 215 403 215 293 215 293 0 5 0 3
 8454143 5 228 293 228 293 228 336 384 336 384 293 384 293 0 3 0 3
 8454143 5 313 403 313 403 242 403 242 293 241 293 241 293 0 5 0 3
 8454143 5 332 403 332 403 332 403 254 403 254 293 254 293 0 5 0 3
 8454143 5 267 293 267 293 267 309 410 309 410 293 410 293 0 3 0 3
 4227327 5 397 293 397 293 397 308 631 308 631 293 631 293 0 3 0 3
 4227327 5 423 293 423 293 423 318 644 318 644 293 644 293 0 3 0 3
 16512 5 657 293 657 293 657 460 832 460 832 444 832 444 0 3 0 4
3
 7008 1 14 196 228 5 0 0 996 3
 7004 1 14 378 228 5 0 0 996 3
 7032 1 14 625 228 5 0 0 996 3
