Version 0.9.7
5
 4 10 175 77 128 0 1
 5 80 400 206 81 2 2
 0 106 100 877 276 8 3
 1 321 409 206 81 140 4
 3 622 392 203 58 150 5
 0
18
 16512 5 549 309 549 309 549 468 668 468 668 436 668 436 0 3 0 5
 16512 5 562 309 558 309 558 454 688 454 688 436 688 436 0 3 0 5
 16512 5 708 436 708 436 708 443 575 443 575 309 575 309 0 5 0 3
 65793 5 71 288 71 288 71 349 159 349 159 348 159 348 0 1 0 3
 65793 5 633 429 633 429 601 429 601 429 601 348 601 348 0 5 0 3
 65793 5 588 309 588 309 588 309 588 348 588 348 588 348 0 3 0 3
 255 5 71 189 71 189 71 114 71 114 159 114 159 114 0 1 0 3
 255 5 497 166 497 166 497 166 497 114 497 114 497 114 0 3 0 3
 255 5 336 420 336 420 99 420 99 114 172 114 172 114 0 4 0 3
 65793 5 336 478 141 478 141 361 172 361 172 348 172 348 0 4 0 3
 16777088 5 588 205 588 205 631 205 631 420 510 420 510 420 0 3 0 4
 16777088 5 562 205 562 205 574 205 574 420 491 420 491 420 0 3 0 4
 16777088 5 523 205 523 205 502 205 502 420 472 420 472 420 0 3 0 4
 16777088 5 497 270 497 270 497 420 497 420 453 420 453 420 0 3 0 4
 8454143 5 434 420 434 420 434 166 434 166 575 166 575 166 0 4 0 3
 8454143 5 415 420 415 420 415 179 415 179 549 179 549 179 0 4 0 3
 8454143 5 536 192 536 192 396 192 396 192 396 420 396 420 0 3 0 4
 8454143 5 510 205 510 205 377 205 377 205 377 420 377 420 0 3 0 4
1
 7085 1 16 491 218 5 0 0 996 3
