Version 0.9.7
5
 4 11 223 77 128 0 1
 5 80 400 206 81 2 2
 0 231 155 877 276 8 3
 1 645 44 206 81 140 4
 3 959 446 203 58 150 5
 0
19
 65793 5 72 297 72 369 177 369 177 416 284 416 284 416 0 1 0 3
 65793 5 72 336 72 336 660 336 660 336 660 113 660 113 0 1 0 4
 65793 5 72 323 72 323 61 323 61 483 970 483 970 483 0 1 0 5
 65793 5 427 260 427 260 427 198 297 198 297 416 297 416 0 3 0 3
 255 5 72 237 72 237 176 237 176 169 284 169 284 169 0 1 0 3
 255 5 72 276 72 276 72 55 72 55 660 55 660 55 0 1 0 4
 255 5 427 325 427 325 427 386 583 386 583 169 583 169 0 3 0 3
 8454016 5 466 221 466 221 495 221 495 589 1005 589 1005 490 0 3 0 5
 8454016 5 440 364 443 364 443 603 1025 603 1025 490 1025 490 0 3 0 5
 8454016 5 388 364 388 364 388 615 1045 615 1045 490 1045 490 0 3 0 5
 8454016 5 388 221 311 221 311 626 1065 626 1065 490 1065 490 0 3 0 5
 8454143 5 453 234 453 234 453 55 453 55 834 55 834 55 0 3 0 4
 8454143 5 796 55 796 55 350 55 350 375 401 375 401 351 0 4 0 3
 8454143 5 466 351 466 351 506 351 506 55 815 55 815 55 0 3 0 4
 8454143 5 375 351 375 351 324 351 324 55 777 55 777 55 0 3 0 4
 16777088 5 701 55 701 55 254 55 254 247 375 247 375 247 0 4 0 3
 16777088 5 414 338 414 338 274 338 274 55 720 55 720 55 0 3 0 4
 16777088 5 739 55 739 55 293 55 293 338 453 338 453 338 0 4 0 3
 16777088 5 758 55 758 55 758 55 440 55 440 247 440 247 0 4 0 3
1
 7083 1 16 369 273 5 0 0 6480 3
