Version 0.9.7
5
 4 16 229 77 128 0 1
 5 80 400 206 81 2 2
 0 185 145 877 276 8 3
 3 756 456 203 58 140 4
 1 297 452 206 81 149 5
 0
21
 255 5 77 243 77 243 77 172 77 172 238 172 238 172 0 1 0 3
 255 5 316 211 316 211 316 211 316 172 316 172 316 172 0 3 0 3
 255 5 459 211 459 211 459 211 459 172 459 172 459 172 0 3 0 3
 255 5 589 211 589 211 589 211 589 172 589 172 589 172 0 3 0 3
 0 5 394 354 394 354 394 354 394 393 394 393 394 393 0 3 0 3
 0 5 537 354 537 354 537 354 537 393 537 393 537 393 0 3 0 3
 0 5 667 354 667 354 667 354 667 393 667 393 667 393 0 3 0 3
 0 5 77 342 77 342 102 342 102 393 238 393 238 393 0 1 0 3
 0 5 706 393 706 393 706 493 706 493 767 493 767 493 0 3 0 4
 0 5 251 393 251 393 251 521 251 521 312 521 312 521 0 3 0 5
 255 5 77 282 77 282 77 463 77 463 312 463 312 463 0 1 0 5
 8454143 5 410 463 410 463 410 428 316 428 316 315 316 315 0 5 0 3
 8454143 5 353 463 353 463 361 463 361 315 459 315 459 315 0 5 0 3
 8454143 5 391 463 391 463 391 322 472 322 472 315 472 315 0 5 0 3
 8454143 5 353 476 353 476 382 476 382 339 498 339 498 315 0 5 0 3
 8454016 5 329 315 329 315 329 346 511 346 511 315 511 315 0 3 0 3
 16744448 5 524 315 524 315 524 317 589 317 589 315 589 315 0 3 0 3
 16744448 5 485 315 485 315 485 327 602 327 602 315 602 315 0 3 0 3
 4227327 5 615 315 615 315 615 281 472 281 472 250 472 250 0 3 0 3
 8454143 5 372 463 372 463 285 463 285 250 485 250 485 250 0 5 0 3
 128 5 498 250 498 250 498 500 498 500 802 500 802 500 0 3 0 4
3
 7008 1 14 453 263 5 0 0 5528 3
 7004 1 14 310 263 5 0 0 5528 3
 7032 1 14 583 263 5 0 0 5528 3
