Version 0.9.7
5
 4 10 175 77 128 0 1
 5 80 400 206 81 2 2
 0 160 160 877 276 8 3
 3 534 466 203 58 140 4
 1 287 459 206 81 149 5
 0
24
 255 5 71 189 71 189 71 145 213 145 213 174 213 174 0 1 0 3
 255 5 302 470 302 491 101 491 101 228 71 228 71 228 0 5 0 1
 255 5 252 226 252 226 252 226 252 174 252 174 252 174 0 3 0 3
 255 5 408 226 408 226 408 226 408 174 408 174 408 174 0 3 0 3
 255 5 538 226 538 226 538 226 538 174 538 174 538 174 0 3 0 3
 65793 5 330 369 330 369 330 369 330 408 330 408 330 408 0 3 0 3
 65793 5 486 369 486 369 486 369 486 408 486 408 486 408 0 3 0 3
 65793 5 616 408 616 408 616 408 616 369 616 369 616 369 0 3 0 3
 65793 5 545 503 545 503 527 503 527 408 525 408 525 408 0 4 0 3
 65793 5 302 528 302 528 71 528 71 528 71 288 71 288 0 5 0 1
 65793 5 71 275 71 275 94 275 94 408 213 408 213 408 0 1 0 3
 8454143 5 343 470 343 470 252 470 252 470 252 330 252 330 0 5 0 3
 8454143 5 362 470 362 470 258 470 258 330 265 330 265 330 0 5 0 3
 8454143 5 381 470 381 470 288 470 288 330 291 330 291 330 0 5 0 3
 8454016 5 278 330 278 330 278 349 304 349 304 330 304 330 0 3 0 3
 8454143 5 343 483 343 483 343 454 408 454 408 356 408 356 0 5 0 3
 8454143 5 362 483 362 483 362 457 421 457 421 356 421 356 0 5 0 3
 8454143 5 381 483 381 483 447 483 447 483 447 356 447 356 0 5 0 3
 8454016 5 434 356 434 356 434 382 460 382 460 356 460 356 0 3 0 3
 8454016 5 473 356 473 356 538 356 538 356 538 343 538 343 0 3 0 3
 16777088 5 551 343 517 343 517 235 421 235 421 265 421 265 0 3 0 3
 16777088 5 317 330 317 330 317 279 551 279 551 265 551 265 0 3 0 3
 16744448 5 564 265 564 265 564 243 434 243 434 265 434 265 0 3 0 3
 33023 5 447 265 447 265 506 265 506 510 580 510 580 510 0 3 0 4
3
 7008 1 14 246 278 5 0 0 5528 3
 7032 1 14 402 278 5 0 0 5528 3
 7004 1 14 532 278 5 0 0 5528 3
