Version 0.9.7
5
 4 13 208 77 128 0 1
 5 80 400 206 81 2 2
 0 130 130 877 276 8 3
 1 288 441 206 81 150 5
 3 806 426 203 58 160 6
 0
28
 255 5 287 196 287 196 287 196 287 157 287 157 287 157 0 3 0 3
 4194368 5 365 339 365 339 365 339 365 378 365 378 365 378 0 3 0 3
 4194368 5 612 339 612 339 612 339 612 378 612 378 612 378 0 3 0 3
 4194368 5 872 339 872 339 872 339 872 378 872 378 872 378 0 3 0 3
 255 5 534 196 534 196 534 196 534 157 534 157 534 157 0 3 0 3
 255 5 794 196 794 196 794 196 794 157 794 157 794 157 0 3 0 3
 255 5 74 222 74 222 74 157 74 157 183 157 183 157 0 1 0 3
 65793 5 817 463 817 463 769 463 769 378 768 378 768 378 0 6 0 3
 65793 5 303 510 303 510 72 510 72 321 74 321 74 321 0 5 0 1
 65793 5 74 308 74 308 74 378 74 378 183 378 183 378 0 1 0 3
 255 5 74 261 74 261 99 261 99 452 303 452 303 452 0 1 0 5
 8454143 5 363 452 363 435 535 435 535 300 534 300 534 300 0 5 0 3
 8454143 5 344 452 344 432 289 432 289 300 287 300 287 300 0 5 0 3
 8454016 5 547 300 547 300 547 358 300 358 300 300 300 300 0 3 0 3
 16777088 5 313 300 313 300 313 300 326 300 326 300 326 300 0 3 0 3
 8454143 5 339 300 339 300 339 426 382 426 382 452 382 452 0 3 0 5
 16744448 5 352 300 352 300 352 306 560 306 560 300 560 300 0 3 0 3
 4227327 5 573 300 573 300 573 305 794 305 794 300 794 300 0 3 0 3
 8454143 5 300 235 300 235 300 459 363 459 363 465 363 465 0 3 0 5
 8454143 5 382 465 382 457 310 457 310 235 313 235 313 235 0 5 0 3
 8454143 5 352 235 352 235 352 465 352 465 344 465 344 465 0 3 0 5
 16777088 5 326 235 326 235 326 235 339 235 339 235 339 235 0 3 0 3
 16744448 5 365 235 365 235 365 235 547 235 547 235 547 235 0 3 0 3
 33023 5 560 235 560 235 560 230 807 230 807 300 807 300 0 3 0 3
 8388863 5 820 300 820 300 820 300 833 300 833 300 833 300 0 3 0 3
 8454143 5 344 478 344 478 344 365 586 365 586 300 586 300 0 5 0 3
 4227327 5 599 300 599 300 599 352 846 352 846 300 846 300 0 3 0 3
 12615808 5 859 300 859 300 874 300 874 470 852 470 852 470 0 3 0 6
3
 7008 1 14 281 248 5 0 0 10356 3
 7004 1 14 528 248 5 0 0 10356 3
 7032 1 14 788 248 5 0 0 10356 3
